Proposal,"Call Order","Section Number","Section Description",Line,Item,"Alternate Code","Item Description",Quantity,Unit,"Vendor Name","Bidder ID","Unit Price",Extension,Deviation
B1CBA2201007-0,015,0001,ROADWAY,0005,150-1000,,"TRAFFIC CONTROL - 0015563",1.00000,LS,"SOUTHEASTERN SITE DEVELOPMENT, INC.",2SO373,"$159,938.83","$159,938.83",$0.00
B1CBA2201007-0,015,0001,ROADWAY,0005,150-1000,,"TRAFFIC CONTROL - 0015563",1.00000,LS,"SOUTHERN CONCRETE CONSTRUCTION CO., INC.",2SO510,"$100,000.00","$100,000.00","-$59,938.83"
B1CBA2201007-0,015,0001,ROADWAY,0005,150-1000,,"TRAFFIC CONTROL - 0015563",1.00000,LS,"GRIFFIN GRADING & CONCRETE, LLC",2GR650,"$100,000.00","$100,000.00","-$59,938.83"
B1CBA2201007-0,015,0001,ROADWAY,0010,150-5010,,"TRAFFIC CONTROL, PORTABLE IMPACT ATTENUATOR",2.00000,EA,"SOUTHEASTERN SITE DEVELOPMENT, INC.",2SO373,"$9,438.03","$18,876.06",$0.00
B1CBA2201007-0,015,0001,ROADWAY,0010,150-5010,,"TRAFFIC CONTROL, PORTABLE IMPACT ATTENUATOR",2.00000,EA,"SOUTHERN CONCRETE CONSTRUCTION CO., INC.",2SO510,"$8,400.00","$16,800.00","-$2,076.06"
B1CBA2201007-0,015,0001,ROADWAY,0010,150-5010,,"TRAFFIC CONTROL, PORTABLE IMPACT ATTENUATOR",2.00000,EA,"GRIFFIN GRADING & CONCRETE, LLC",2GR650,"$8,500.00","$17,000.00","-$1,876.06"
B1CBA2201007-0,015,0001,ROADWAY,0015,153-1300,,"FIELD ENGINEERS OFFICE TP 3",1.00000,EA,"SOUTHEASTERN SITE DEVELOPMENT, INC.",2SO373,"$94,034.08","$94,034.08",$0.00
B1CBA2201007-0,015,0001,ROADWAY,0015,153-1300,,"FIELD ENGINEERS OFFICE TP 3",1.00000,EA,"SOUTHERN CONCRETE CONSTRUCTION CO., INC.",2SO510,"$90,000.00","$90,000.00","-$4,034.08"
B1CBA2201007-0,015,0001,ROADWAY,0015,153-1300,,"FIELD ENGINEERS OFFICE TP 3",1.00000,EA,"GRIFFIN GRADING & CONCRETE, LLC",2GR650,"$75,000.00","$75,000.00","-$19,034.08"
B1CBA2201007-0,015,0001,ROADWAY,0020,163-0232,,"TEMPORARY GRASSING",2.00000,AC,"SOUTHEASTERN SITE DEVELOPMENT, INC.",2SO373,"$1,123.58","$2,247.16",$0.00
B1CBA2201007-0,015,0001,ROADWAY,0020,163-0232,,"TEMPORARY GRASSING",2.00000,AC,"SOUTHERN CONCRETE CONSTRUCTION CO., INC.",2SO510,"$1,000.00","$2,000.00",-$247.16
B1CBA2201007-0,015,0001,ROADWAY,0020,163-0232,,"TEMPORARY GRASSING",2.00000,AC,"GRIFFIN GRADING & CONCRETE, LLC",2GR650,"$1,000.00","$2,000.00",-$247.16
B1CBA2201007-0,015,0001,ROADWAY,0025,163-0240,,MULCH,80.00000,TN,"SOUTHEASTERN SITE DEVELOPMENT, INC.",2SO373,$224.72,"$17,977.60",$0.00
B1CBA2201007-0,015,0001,ROADWAY,0025,163-0240,,MULCH,80.00000,TN,"SOUTHERN CONCRETE CONSTRUCTION CO., INC.",2SO510,$200.00,"$16,000.00","-$1,977.60"
B1CBA2201007-0,015,0001,ROADWAY,0025,163-0240,,MULCH,80.00000,TN,"GRIFFIN GRADING & CONCRETE, LLC",2GR650,$400.00,"$32,000.00","$14,022.40"
B1CBA2201007-0,015,0001,ROADWAY,0030,163-0301,,"CONSTRUCT AND REMOVE CONSTRUCTION EXITS",4.00000,EA,"SOUTHEASTERN SITE DEVELOPMENT, INC.",2SO373,"$2,247.15","$8,988.60",$0.00
B1CBA2201007-0,015,0001,ROADWAY,0030,163-0301,,"CONSTRUCT AND REMOVE CONSTRUCTION EXITS",4.00000,EA,"SOUTHERN CONCRETE CONSTRUCTION CO., INC.",2SO510,"$2,000.00","$8,000.00",-$988.60
B1CBA2201007-0,015,0001,ROADWAY,0030,163-0301,,"CONSTRUCT AND REMOVE CONSTRUCTION EXITS",4.00000,EA,"GRIFFIN GRADING & CONCRETE, LLC",2GR650,"$2,000.00","$8,000.00",-$988.60
B1CBA2201007-0,015,0001,ROADWAY,0035,163-0502,,"CONSTRUCT AND REMOVE SILT CONTROL GATE, TP 2",1.00000,EA,"SOUTHEASTERN SITE DEVELOPMENT, INC.",2SO373,$561.79,$561.79,$0.00
B1CBA2201007-0,015,0001,ROADWAY,0035,163-0502,,"CONSTRUCT AND REMOVE SILT CONTROL GATE, TP 2",1.00000,EA,"SOUTHERN CONCRETE CONSTRUCTION CO., INC.",2SO510,$500.00,$500.00,-$61.79
B1CBA2201007-0,015,0001,ROADWAY,0035,163-0502,,"CONSTRUCT AND REMOVE SILT CONTROL GATE, TP 2",1.00000,EA,"GRIFFIN GRADING & CONCRETE, LLC",2GR650,$500.00,$500.00,-$61.79
B1CBA2201007-0,015,0001,ROADWAY,0040,163-0503,,"CONSTRUCT AND REMOVE SILT CONTROL GATE, TP 3",1.00000,EA,"SOUTHEASTERN SITE DEVELOPMENT, INC.",2SO373,$710.64,$710.64,$0.00
B1CBA2201007-0,015,0001,ROADWAY,0040,163-0503,,"CONSTRUCT AND REMOVE SILT CONTROL GATE, TP 3",1.00000,EA,"SOUTHERN CONCRETE CONSTRUCTION CO., INC.",2SO510,$500.00,$500.00,-$210.64
B1CBA2201007-0,015,0001,ROADWAY,0040,163-0503,,"CONSTRUCT AND REMOVE SILT CONTROL GATE, TP 3",1.00000,EA,"GRIFFIN GRADING & CONCRETE, LLC",2GR650,$500.00,$500.00,-$210.64
B1CBA2201007-0,015,0001,ROADWAY,0045,163-0520,,"CONSTRUCT AND REMOVE TEMPORARY PIPE SLOPE DRAIN",40.00000,LF,"SOUTHEASTERN SITE DEVELOPMENT, INC.",2SO373,$20.22,$808.80,$0.00
B1CBA2201007-0,015,0001,ROADWAY,0045,163-0520,,"CONSTRUCT AND REMOVE TEMPORARY PIPE SLOPE DRAIN",40.00000,LF,"SOUTHERN CONCRETE CONSTRUCTION CO., INC.",2SO510,$18.00,$720.00,-$88.80
B1CBA2201007-0,015,0001,ROADWAY,0045,163-0520,,"CONSTRUCT AND REMOVE TEMPORARY PIPE SLOPE DRAIN",40.00000,LF,"GRIFFIN GRADING & CONCRETE, LLC",2GR650,$25.00,"$1,000.00",$191.20
B1CBA2201007-0,015,0001,ROADWAY,0050,163-0528,,"CONSTRUCT AND REMOVE FABRIC CHECK DAM -  TYPE C SILT FENCE",760.00000,LF,"SOUTHEASTERN SITE DEVELOPMENT, INC.",2SO373,$11.88,"$9,028.80",$0.00
B1CBA2201007-0,015,0001,ROADWAY,0050,163-0528,,"CONSTRUCT AND REMOVE FABRIC CHECK DAM -  TYPE C SILT FENCE",760.00000,LF,"SOUTHERN CONCRETE CONSTRUCTION CO., INC.",2SO510,$9.50,"$7,220.00","-$1,808.80"
B1CBA2201007-0,015,0001,ROADWAY,0050,163-0528,,"CONSTRUCT AND REMOVE FABRIC CHECK DAM -  TYPE C SILT FENCE",760.00000,LF,"GRIFFIN GRADING & CONCRETE, LLC",2GR650,$950.00,"$722,000.00","$712,971.20"
B1CBA2201007-0,015,0001,ROADWAY,0055,163-0550,,"CONSTRUCT AND REMOVE INLET SEDIMENT TRAP",2.00000,EA,"SOUTHEASTERN SITE DEVELOPMENT, INC.",2SO373,$280.90,$561.80,$0.00
B1CBA2201007-0,015,0001,ROADWAY,0055,163-0550,,"CONSTRUCT AND REMOVE INLET SEDIMENT TRAP",2.00000,EA,"SOUTHERN CONCRETE CONSTRUCTION CO., INC.",2SO510,$250.00,$500.00,-$61.80
B1CBA2201007-0,015,0001,ROADWAY,0055,163-0550,,"CONSTRUCT AND REMOVE INLET SEDIMENT TRAP",2.00000,EA,"GRIFFIN GRADING & CONCRETE, LLC",2GR650,$250.00,$500.00,-$61.80
B1CBA2201007-0,015,0001,ROADWAY,0060,165-0010,,"MAINTENANCE OF TEMPORARY SILT FENCE, TP A",700.00000,LF,"SOUTHEASTERN SITE DEVELOPMENT, INC.",2SO373,$1.45,"$1,015.00",$0.00
B1CBA2201007-0,015,0001,ROADWAY,0060,165-0010,,"MAINTENANCE OF TEMPORARY SILT FENCE, TP A",700.00000,LF,"SOUTHERN CONCRETE CONSTRUCTION CO., INC.",2SO510,$0.50,$350.00,-$665.00
B1CBA2201007-0,015,0001,ROADWAY,0060,165-0010,,"MAINTENANCE OF TEMPORARY SILT FENCE, TP A",700.00000,LF,"GRIFFIN GRADING & CONCRETE, LLC",2GR650,$0.50,$350.00,-$665.00
B1CBA2201007-0,015,0001,ROADWAY,0065,165-0030,,"MAINTENANCE OF TEMPORARY SILT FENCE, TP C","3,100.00000",LF,"SOUTHEASTERN SITE DEVELOPMENT, INC.",2SO373,$2.06,"$6,386.00",$0.00
B1CBA2201007-0,015,0001,ROADWAY,0065,165-0030,,"MAINTENANCE OF TEMPORARY SILT FENCE, TP C","3,100.00000",LF,"SOUTHERN CONCRETE CONSTRUCTION CO., INC.",2SO510,$0.50,"$1,550.00","-$4,836.00"
B1CBA2201007-0,015,0001,ROADWAY,0065,165-0030,,"MAINTENANCE OF TEMPORARY SILT FENCE, TP C","3,100.00000",LF,"GRIFFIN GRADING & CONCRETE, LLC",2GR650,$0.50,"$1,550.00","-$4,836.00"
B1CBA2201007-0,015,0001,ROADWAY,0070,165-0041,,"MAINTENANCE OF CHECK DAMS - ALL TYPES",380.00000,LF,"SOUTHEASTERN SITE DEVELOPMENT, INC.",2SO373,$4.01,"$1,523.80",$0.00
B1CBA2201007-0,015,0001,ROADWAY,0070,165-0041,,"MAINTENANCE OF CHECK DAMS - ALL TYPES",380.00000,LF,"SOUTHERN CONCRETE CONSTRUCTION CO., INC.",2SO510,$4.00,"$1,520.00",-$3.80
B1CBA2201007-0,015,0001,ROADWAY,0070,165-0041,,"MAINTENANCE OF CHECK DAMS - ALL TYPES",380.00000,LF,"GRIFFIN GRADING & CONCRETE, LLC",2GR650,$4.00,"$1,520.00",-$3.80
B1CBA2201007-0,015,0001,ROADWAY,0075,165-0050,,"MAINTENANCE OF SILT RETENTION BARRIER",150.00000,LF,"SOUTHEASTERN SITE DEVELOPMENT, INC.",2SO373,$4.01,$601.50,$0.00
B1CBA2201007-0,015,0001,ROADWAY,0075,165-0050,,"MAINTENANCE OF SILT RETENTION BARRIER",150.00000,LF,"SOUTHERN CONCRETE CONSTRUCTION CO., INC.",2SO510,$6.00,$900.00,$298.50
B1CBA2201007-0,015,0001,ROADWAY,0075,165-0050,,"MAINTENANCE OF SILT RETENTION BARRIER",150.00000,LF,"GRIFFIN GRADING & CONCRETE, LLC",2GR650,$6.00,$900.00,$298.50
B1CBA2201007-0,015,0001,ROADWAY,0080,165-0086,,"MAINTENANCE OF SILT CONTROL GATE, TP 2",1.00000,EA,"SOUTHEASTERN SITE DEVELOPMENT, INC.",2SO373,$100.40,$100.40,$0.00
B1CBA2201007-0,015,0001,ROADWAY,0080,165-0086,,"MAINTENANCE OF SILT CONTROL GATE, TP 2",1.00000,EA,"SOUTHERN CONCRETE CONSTRUCTION CO., INC.",2SO510,$100.00,$100.00,-$0.40
B1CBA2201007-0,015,0001,ROADWAY,0080,165-0086,,"MAINTENANCE OF SILT CONTROL GATE, TP 2",1.00000,EA,"GRIFFIN GRADING & CONCRETE, LLC",2GR650,$100.00,$100.00,-$0.40
B1CBA2201007-0,015,0001,ROADWAY,0085,165-0087,,"MAINTENANCE OF SILT CONTROL GATE, TP 3",1.00000,EA,"SOUTHEASTERN SITE DEVELOPMENT, INC.",2SO373,$100.40,$100.40,$0.00
B1CBA2201007-0,015,0001,ROADWAY,0085,165-0087,,"MAINTENANCE OF SILT CONTROL GATE, TP 3",1.00000,EA,"SOUTHERN CONCRETE CONSTRUCTION CO., INC.",2SO510,$100.00,$100.00,-$0.40
B1CBA2201007-0,015,0001,ROADWAY,0085,165-0087,,"MAINTENANCE OF SILT CONTROL GATE, TP 3",1.00000,EA,"GRIFFIN GRADING & CONCRETE, LLC",2GR650,$100.00,$100.00,-$0.40
B1CBA2201007-0,015,0001,ROADWAY,0090,165-0101,,"MAINTENANCE OF CONSTRUCTION EXIT",2.00000,EA,"SOUTHEASTERN SITE DEVELOPMENT, INC.",2SO373,$842.68,"$1,685.36",$0.00
B1CBA2201007-0,015,0001,ROADWAY,0090,165-0101,,"MAINTENANCE OF CONSTRUCTION EXIT",2.00000,EA,"SOUTHERN CONCRETE CONSTRUCTION CO., INC.",2SO510,$750.00,"$1,500.00",-$185.36
B1CBA2201007-0,015,0001,ROADWAY,0090,165-0101,,"MAINTENANCE OF CONSTRUCTION EXIT",2.00000,EA,"GRIFFIN GRADING & CONCRETE, LLC",2GR650,$500.00,"$1,000.00",-$685.36
B1CBA2201007-0,015,0001,ROADWAY,0095,165-0105,,"MAINTENANCE OF INLET SEDIMENT TRAP",2.00000,EA,"SOUTHEASTERN SITE DEVELOPMENT, INC.",2SO373,$200.82,$401.64,$0.00
B1CBA2201007-0,015,0001,ROADWAY,0095,165-0105,,"MAINTENANCE OF INLET SEDIMENT TRAP",2.00000,EA,"SOUTHERN CONCRETE CONSTRUCTION CO., INC.",2SO510,$75.00,$150.00,-$251.64
B1CBA2201007-0,015,0001,ROADWAY,0095,165-0105,,"MAINTENANCE OF INLET SEDIMENT TRAP",2.00000,EA,"GRIFFIN GRADING & CONCRETE, LLC",2GR650,$75.00,$150.00,-$251.64
B1CBA2201007-0,015,0001,ROADWAY,0100,165-0310,,"MAINTENANCE OF CONSTRUCTION EXIT TIRE WASH AREA (PER EACH)",1.00000,EA,"SOUTHEASTERN SITE DEVELOPMENT, INC.",2SO373,$692.70,$692.70,$0.00
B1CBA2201007-0,015,0001,ROADWAY,0100,165-0310,,"MAINTENANCE OF CONSTRUCTION EXIT TIRE WASH AREA (PER EACH)",1.00000,EA,"SOUTHERN CONCRETE CONSTRUCTION CO., INC.",2SO510,$101.50,$101.50,-$591.20
B1CBA2201007-0,015,0001,ROADWAY,0100,165-0310,,"MAINTENANCE OF CONSTRUCTION EXIT TIRE WASH AREA (PER EACH)",1.00000,EA,"GRIFFIN GRADING & CONCRETE, LLC",2GR650,$500.00,$500.00,-$192.70
B1CBA2201007-0,015,0001,ROADWAY,0105,167-1000,,"WATER QUALITY MONITORING AND SAMPLING",5.00000,EA,"SOUTHEASTERN SITE DEVELOPMENT, INC.",2SO373,$297.73,"$1,488.65",$0.00
B1CBA2201007-0,015,0001,ROADWAY,0105,167-1000,,"WATER QUALITY MONITORING AND SAMPLING",5.00000,EA,"SOUTHERN CONCRETE CONSTRUCTION CO., INC.",2SO510,$500.00,"$2,500.00","$1,011.35"
B1CBA2201007-0,015,0001,ROADWAY,0105,167-1000,,"WATER QUALITY MONITORING AND SAMPLING",5.00000,EA,"GRIFFIN GRADING & CONCRETE, LLC",2GR650,"$1,000.00","$5,000.00","$3,511.35"
B1CBA2201007-0,015,0001,ROADWAY,0110,167-1500,,"WATER QUALITY INSPECTIONS",18.00000,MO,"SOUTHEASTERN SITE DEVELOPMENT, INC.",2SO373,$632.77,"$11,389.86",$0.00
B1CBA2201007-0,015,0001,ROADWAY,0110,167-1500,,"WATER QUALITY INSPECTIONS",18.00000,MO,"SOUTHERN CONCRETE CONSTRUCTION CO., INC.",2SO510,"$1,500.00","$27,000.00","$15,610.14"
B1CBA2201007-0,015,0001,ROADWAY,0110,167-1500,,"WATER QUALITY INSPECTIONS",18.00000,MO,"GRIFFIN GRADING & CONCRETE, LLC",2GR650,"$1,000.00","$18,000.00","$6,610.14"
B1CBA2201007-0,015,0001,ROADWAY,0115,170-1000,,"FLOATING SILT RETENTION BARRIER",300.00000,LF,"SOUTHEASTERN SITE DEVELOPMENT, INC.",2SO373,$19.11,"$5,733.00",$0.00
B1CBA2201007-0,015,0001,ROADWAY,0115,170-1000,,"FLOATING SILT RETENTION BARRIER",300.00000,LF,"SOUTHERN CONCRETE CONSTRUCTION CO., INC.",2SO510,$17.00,"$5,100.00",-$633.00
B1CBA2201007-0,015,0001,ROADWAY,0115,170-1000,,"FLOATING SILT RETENTION BARRIER",300.00000,LF,"GRIFFIN GRADING & CONCRETE, LLC",2GR650,$18.00,"$5,400.00",-$333.00
B1CBA2201007-0,015,0001,ROADWAY,0120,171-0010,,"TEMPORARY SILT FENCE, TYPE A","1,400.00000",LF,"SOUTHEASTERN SITE DEVELOPMENT, INC.",2SO373,$4.69,"$6,566.00",$0.00
B1CBA2201007-0,015,0001,ROADWAY,0120,171-0010,,"TEMPORARY SILT FENCE, TYPE A","1,400.00000",LF,"SOUTHERN CONCRETE CONSTRUCTION CO., INC.",2SO510,$3.00,"$4,200.00","-$2,366.00"
B1CBA2201007-0,015,0001,ROADWAY,0120,171-0010,,"TEMPORARY SILT FENCE, TYPE A","1,400.00000",LF,"GRIFFIN GRADING & CONCRETE, LLC",2GR650,$3.00,"$4,200.00","-$2,366.00"
B1CBA2201007-0,015,0001,ROADWAY,0125,171-0030,,"TEMPORARY SILT FENCE, TYPE C","6,200.00000",LF,"SOUTHEASTERN SITE DEVELOPMENT, INC.",2SO373,$5.78,"$35,836.00",$0.00
B1CBA2201007-0,015,0001,ROADWAY,0125,171-0030,,"TEMPORARY SILT FENCE, TYPE C","6,200.00000",LF,"SOUTHERN CONCRETE CONSTRUCTION CO., INC.",2SO510,$4.00,"$24,800.00","-$11,036.00"
B1CBA2201007-0,015,0001,ROADWAY,0125,171-0030,,"TEMPORARY SILT FENCE, TYPE C","6,200.00000",LF,"GRIFFIN GRADING & CONCRETE, LLC",2GR650,$4.00,"$24,800.00","-$11,036.00"
B1CBA2201007-0,015,0001,ROADWAY,0130,210-0100,,"GRADING COMPLETE - 0015563",1.00000,LS,"SOUTHEASTERN SITE DEVELOPMENT, INC.",2SO373,"$753,424.65","$753,424.65",$0.00
B1CBA2201007-0,015,0001,ROADWAY,0130,210-0100,,"GRADING COMPLETE - 0015563",1.00000,LS,"SOUTHERN CONCRETE CONSTRUCTION CO., INC.",2SO510,"$1,250,000.00","$1,250,000.00","$496,575.35"
B1CBA2201007-0,015,0001,ROADWAY,0130,210-0100,,"GRADING COMPLETE - 0015563",1.00000,LS,"GRIFFIN GRADING & CONCRETE, LLC",2GR650,"$1,295,519.40","$1,295,519.40","$542,094.75"
B1CBA2201007-0,015,0001,ROADWAY,0135,310-5100,,"GR AGGR BASE CRS, 10 INCH, INCL MATL","4,549.00000",SY,"SOUTHEASTERN SITE DEVELOPMENT, INC.",2SO373,$33.71,"$153,346.79",$0.00
B1CBA2201007-0,015,0001,ROADWAY,0135,310-5100,,"GR AGGR BASE CRS, 10 INCH, INCL MATL","4,549.00000",SY,"SOUTHERN CONCRETE CONSTRUCTION CO., INC.",2SO510,$30.00,"$136,470.00","-$16,876.79"
B1CBA2201007-0,015,0001,ROADWAY,0135,310-5100,,"GR AGGR BASE CRS, 10 INCH, INCL MATL","4,549.00000",SY,"GRIFFIN GRADING & CONCRETE, LLC",2GR650,$23.50,"$106,901.50","-$46,445.29"
B1CBA2201007-0,015,0001,ROADWAY,0140,318-3000,,"AGGR SURF CRS",330.00000,TN,"SOUTHEASTERN SITE DEVELOPMENT, INC.",2SO373,$53.93,"$17,796.90",$0.00
B1CBA2201007-0,015,0001,ROADWAY,0140,318-3000,,"AGGR SURF CRS",330.00000,TN,"SOUTHERN CONCRETE CONSTRUCTION CO., INC.",2SO510,$48.00,"$15,840.00","-$1,956.90"
B1CBA2201007-0,015,0001,ROADWAY,0140,318-3000,,"AGGR SURF CRS",330.00000,TN,"GRIFFIN GRADING & CONCRETE, LLC",2GR650,$35.00,"$11,550.00","-$6,246.90"
B1CBA2201007-0,015,0001,ROADWAY,0145,402-1802,,"RECYCLED ASPH CONC PATCHING, INCL BITUM MATL & H LIME",10.00000,TN,"SOUTHEASTERN SITE DEVELOPMENT, INC.",2SO373,$168.54,"$1,685.40",$0.00
B1CBA2201007-0,015,0001,ROADWAY,0145,402-1802,,"RECYCLED ASPH CONC PATCHING, INCL BITUM MATL & H LIME",10.00000,TN,"SOUTHERN CONCRETE CONSTRUCTION CO., INC.",2SO510,$150.00,"$1,500.00",-$185.40
B1CBA2201007-0,015,0001,ROADWAY,0145,402-1802,,"RECYCLED ASPH CONC PATCHING, INCL BITUM MATL & H LIME",10.00000,TN,"GRIFFIN GRADING & CONCRETE, LLC",2GR650,$200.00,"$2,000.00",$314.60
B1CBA2201007-0,015,0001,ROADWAY,0150,402-1812,,"RECYCLED ASPH CONC LEVELING, INCL BITUM MATL & H LIME",388.00000,TN,"SOUTHEASTERN SITE DEVELOPMENT, INC.",2SO373,$129.22,"$50,137.36",$0.00
B1CBA2201007-0,015,0001,ROADWAY,0150,402-1812,,"RECYCLED ASPH CONC LEVELING, INCL BITUM MATL & H LIME",388.00000,TN,"SOUTHERN CONCRETE CONSTRUCTION CO., INC.",2SO510,$115.00,"$44,620.00","-$5,517.36"
B1CBA2201007-0,015,0001,ROADWAY,0150,402-1812,,"RECYCLED ASPH CONC LEVELING, INCL BITUM MATL & H LIME",388.00000,TN,"GRIFFIN GRADING & CONCRETE, LLC",2GR650,$150.00,"$58,200.00","$8,062.64"
B1CBA2201007-0,015,0001,ROADWAY,0155,402-3103,,"RECYCLED ASPH CONC 9.5 MM SUPERPAVE, TYPE II, GP 2 ONLY, INCL BITUM MATL & H LIME",525.00000,TN,"SOUTHEASTERN SITE DEVELOPMENT, INC.",2SO373,$121.35,"$63,708.75",$0.00
B1CBA2201007-0,015,0001,ROADWAY,0155,402-3103,,"RECYCLED ASPH CONC 9.5 MM SUPERPAVE, TYPE II, GP 2 ONLY, INCL BITUM MATL & H LIME",525.00000,TN,"SOUTHERN CONCRETE CONSTRUCTION CO., INC.",2SO510,$108.00,"$56,700.00","-$7,008.75"
B1CBA2201007-0,015,0001,ROADWAY,0155,402-3103,,"RECYCLED ASPH CONC 9.5 MM SUPERPAVE, TYPE II, GP 2 ONLY, INCL BITUM MATL & H LIME",525.00000,TN,"GRIFFIN GRADING & CONCRETE, LLC",2GR650,$103.00,"$54,075.00","-$9,633.75"
B1CBA2201007-0,015,0001,ROADWAY,0160,402-3121,,"RECYCLED ASPH CONC 25 MM SUPERPAVE, GP 1 OR 2, INCL BITUM MATL & H LIME",751.00000,TN,"SOUTHEASTERN SITE DEVELOPMENT, INC.",2SO373,$104.50,"$78,479.50",$0.00
B1CBA2201007-0,015,0001,ROADWAY,0160,402-3121,,"RECYCLED ASPH CONC 25 MM SUPERPAVE, GP 1 OR 2, INCL BITUM MATL & H LIME",751.00000,TN,"SOUTHERN CONCRETE CONSTRUCTION CO., INC.",2SO510,$93.00,"$69,843.00","-$8,636.50"
B1CBA2201007-0,015,0001,ROADWAY,0160,402-3121,,"RECYCLED ASPH CONC 25 MM SUPERPAVE, GP 1 OR 2, INCL BITUM MATL & H LIME",751.00000,TN,"GRIFFIN GRADING & CONCRETE, LLC",2GR650,$103.00,"$77,353.00","-$1,126.50"
B1CBA2201007-0,015,0001,ROADWAY,0165,402-3190,,"RECYCLED ASPH CONC 19 MM SUPERPAVE, GP 1 OR 2,INCL BITUM MATL & H LIME",563.00000,TN,"SOUTHEASTERN SITE DEVELOPMENT, INC.",2SO373,$116.85,"$65,786.55",$0.00
B1CBA2201007-0,015,0001,ROADWAY,0165,402-3190,,"RECYCLED ASPH CONC 19 MM SUPERPAVE, GP 1 OR 2,INCL BITUM MATL & H LIME",563.00000,TN,"SOUTHERN CONCRETE CONSTRUCTION CO., INC.",2SO510,$104.00,"$58,552.00","-$7,234.55"
B1CBA2201007-0,015,0001,ROADWAY,0165,402-3190,,"RECYCLED ASPH CONC 19 MM SUPERPAVE, GP 1 OR 2,INCL BITUM MATL & H LIME",563.00000,TN,"GRIFFIN GRADING & CONCRETE, LLC",2GR650,$103.00,"$57,989.00","-$7,797.55"
B1CBA2201007-0,015,0001,ROADWAY,0170,413-0750,,"TACK COAT",838.00000,GL,"SOUTHEASTERN SITE DEVELOPMENT, INC.",2SO373,$7.87,"$6,595.06",$0.00
B1CBA2201007-0,015,0001,ROADWAY,0170,413-0750,,"TACK COAT",838.00000,GL,"SOUTHERN CONCRETE CONSTRUCTION CO., INC.",2SO510,$7.00,"$5,866.00",-$729.06
B1CBA2201007-0,015,0001,ROADWAY,0170,413-0750,,"TACK COAT",838.00000,GL,"GRIFFIN GRADING & CONCRETE, LLC",2GR650,$3.00,"$2,514.00","-$4,081.06"
B1CBA2201007-0,015,0001,ROADWAY,0175,432-5010,,"MILL ASPH CONC PVMT, VARIABLE DEPTH",533.00000,SY,"SOUTHEASTERN SITE DEVELOPMENT, INC.",2SO373,$9.55,"$5,090.15",$0.00
B1CBA2201007-0,015,0001,ROADWAY,0175,432-5010,,"MILL ASPH CONC PVMT, VARIABLE DEPTH",533.00000,SY,"SOUTHERN CONCRETE CONSTRUCTION CO., INC.",2SO510,$8.50,"$4,530.50",-$559.65
B1CBA2201007-0,015,0001,ROADWAY,0175,432-5010,,"MILL ASPH CONC PVMT, VARIABLE DEPTH",533.00000,SY,"GRIFFIN GRADING & CONCRETE, LLC",2GR650,$100.00,"$53,300.00","$48,209.85"
B1CBA2201007-0,015,0001,ROADWAY,0180,433-1200,,"REINF CONC APPROACH SLAB, INCL SLOPED EDGE",255.00000,SY,"SOUTHEASTERN SITE DEVELOPMENT, INC.",2SO373,$275.80,"$70,329.00",$0.00
B1CBA2201007-0,015,0001,ROADWAY,0180,433-1200,,"REINF CONC APPROACH SLAB, INCL SLOPED EDGE",255.00000,SY,"SOUTHERN CONCRETE CONSTRUCTION CO., INC.",2SO510,$187.00,"$47,685.00","-$22,644.00"
B1CBA2201007-0,015,0001,ROADWAY,0180,433-1200,,"REINF CONC APPROACH SLAB, INCL SLOPED EDGE",255.00000,SY,"GRIFFIN GRADING & CONCRETE, LLC",2GR650,$190.00,"$48,450.00","-$21,879.00"
B1CBA2201007-0,015,0001,ROADWAY,0185,441-0301,,"CONC SPILLWAY, TP 1",2.00000,EA,"SOUTHEASTERN SITE DEVELOPMENT, INC.",2SO373,"$2,970.74","$5,941.48",$0.00
B1CBA2201007-0,015,0001,ROADWAY,0185,441-0301,,"CONC SPILLWAY, TP 1",2.00000,EA,"SOUTHERN CONCRETE CONSTRUCTION CO., INC.",2SO510,"$2,750.00","$5,500.00",-$441.48
B1CBA2201007-0,015,0001,ROADWAY,0185,441-0301,,"CONC SPILLWAY, TP 1",2.00000,EA,"GRIFFIN GRADING & CONCRETE, LLC",2GR650,"$2,750.00","$5,500.00",-$441.48
B1CBA2201007-0,015,0001,ROADWAY,0190,446-1100,,"PVMT REINF FABRIC STRIPS, TP 2, 18 INCH WIDTH",842.00000,LF,"SOUTHEASTERN SITE DEVELOPMENT, INC.",2SO373,$5.62,"$4,732.04",$0.00
B1CBA2201007-0,015,0001,ROADWAY,0190,446-1100,,"PVMT REINF FABRIC STRIPS, TP 2, 18 INCH WIDTH",842.00000,LF,"SOUTHERN CONCRETE CONSTRUCTION CO., INC.",2SO510,$5.00,"$4,210.00",-$522.04
B1CBA2201007-0,015,0001,ROADWAY,0190,446-1100,,"PVMT REINF FABRIC STRIPS, TP 2, 18 INCH WIDTH",842.00000,LF,"GRIFFIN GRADING & CONCRETE, LLC",2GR650,$2.00,"$1,684.00","-$3,048.04"
B1CBA2201007-0,015,0001,ROADWAY,0195,455-1000,,"FILTER FABRIC FOR EMBANKMENT STABILIZATION","2,500.00000",SY,"SOUTHEASTERN SITE DEVELOPMENT, INC.",2SO373,$6.18,"$15,450.00",$0.00
B1CBA2201007-0,015,0001,ROADWAY,0195,455-1000,,"FILTER FABRIC FOR EMBANKMENT STABILIZATION","2,500.00000",SY,"SOUTHERN CONCRETE CONSTRUCTION CO., INC.",2SO510,$5.50,"$13,750.00","-$1,700.00"
B1CBA2201007-0,015,0001,ROADWAY,0195,455-1000,,"FILTER FABRIC FOR EMBANKMENT STABILIZATION","2,500.00000",SY,"GRIFFIN GRADING & CONCRETE, LLC",2GR650,$3.00,"$7,500.00","-$7,950.00"
B1CBA2201007-0,015,0001,ROADWAY,0200,456-2022,,"INDENTATION EDGE LINE RUMBLE STRIPS-GROUND IN  PLACE (SKIP)",1.00000,GLM,"SOUTHEASTERN SITE DEVELOPMENT, INC.",2SO373,"$4,033.63","$4,033.63",$0.00
B1CBA2201007-0,015,0001,ROADWAY,0200,456-2022,,"INDENTATION EDGE LINE RUMBLE STRIPS-GROUND IN  PLACE (SKIP)",1.00000,GLM,"SOUTHERN CONCRETE CONSTRUCTION CO., INC.",2SO510,"$3,589.86","$3,589.86",-$443.77
B1CBA2201007-0,015,0001,ROADWAY,0200,456-2022,,"INDENTATION EDGE LINE RUMBLE STRIPS-GROUND IN  PLACE (SKIP)",1.00000,GLM,"GRIFFIN GRADING & CONCRETE, LLC",2GR650,$750.00,$750.00,"-$3,283.63"
B1CBA2201007-0,015,0001,ROADWAY,0205,456-2025,,"INDENTATION CENTERLINE RUMBLE STRIPS-GROUND IN PLACE (CONTINUOUS)",1.00000,GLM,"SOUTHEASTERN SITE DEVELOPMENT, INC.",2SO373,"$4,033.63","$4,033.63",$0.00
B1CBA2201007-0,015,0001,ROADWAY,0205,456-2025,,"INDENTATION CENTERLINE RUMBLE STRIPS-GROUND IN PLACE (CONTINUOUS)",1.00000,GLM,"SOUTHERN CONCRETE CONSTRUCTION CO., INC.",2SO510,"$3,589.86","$3,589.86",-$443.77
B1CBA2201007-0,015,0001,ROADWAY,0205,456-2025,,"INDENTATION CENTERLINE RUMBLE STRIPS-GROUND IN PLACE (CONTINUOUS)",1.00000,GLM,"GRIFFIN GRADING & CONCRETE, LLC",2GR650,$750.00,$750.00,"-$3,283.63"
B1CBA2201007-0,015,0001,ROADWAY,0210,500-3200,,"CLASS B CONCRETE",1.00000,CY,"SOUTHEASTERN SITE DEVELOPMENT, INC.",2SO373,$264.05,$264.05,$0.00
B1CBA2201007-0,015,0001,ROADWAY,0210,500-3200,,"CLASS B CONCRETE",1.00000,CY,"SOUTHERN CONCRETE CONSTRUCTION CO., INC.",2SO510,"$1,554.53","$1,554.53","$1,290.48"
B1CBA2201007-0,015,0001,ROADWAY,0210,500-3200,,"CLASS B CONCRETE",1.00000,CY,"GRIFFIN GRADING & CONCRETE, LLC",2GR650,"$1,500.00","$1,500.00","$1,235.95"
B1CBA2201007-0,015,0001,ROADWAY,0215,500-3800,,"CLASS A CONCRETE, INCL REINF STEEL",2.00000,CY,"SOUTHEASTERN SITE DEVELOPMENT, INC.",2SO373,"$3,675.25","$7,350.50",$0.00
B1CBA2201007-0,015,0001,ROADWAY,0215,500-3800,,"CLASS A CONCRETE, INCL REINF STEEL",2.00000,CY,"SOUTHERN CONCRETE CONSTRUCTION CO., INC.",2SO510,"$1,749.93","$3,499.86","-$3,850.64"
B1CBA2201007-0,015,0001,ROADWAY,0215,500-3800,,"CLASS A CONCRETE, INCL REINF STEEL",2.00000,CY,"GRIFFIN GRADING & CONCRETE, LLC",2GR650,"$1,500.00","$3,000.00","-$4,350.50"
B1CBA2201007-0,015,0001,ROADWAY,0220,550-1180,,"STORM DRAIN PIPE, 18 IN, H  1-10",68.00000,LF,"SOUTHEASTERN SITE DEVELOPMENT, INC.",2SO373,$78.65,"$5,348.20",$0.00
B1CBA2201007-0,015,0001,ROADWAY,0220,550-1180,,"STORM DRAIN PIPE, 18 IN, H  1-10",68.00000,LF,"SOUTHERN CONCRETE CONSTRUCTION CO., INC.",2SO510,$70.00,"$4,760.00",-$588.20
B1CBA2201007-0,015,0001,ROADWAY,0220,550-1180,,"STORM DRAIN PIPE, 18 IN, H  1-10",68.00000,LF,"GRIFFIN GRADING & CONCRETE, LLC",2GR650,$60.00,"$4,080.00","-$1,268.20"
B1CBA2201007-0,015,0001,ROADWAY,0225,550-4218,,"FLARED END SECTION 18 IN, STORM DRAIN",1.00000,EA,"SOUTHEASTERN SITE DEVELOPMENT, INC.",2SO373,"$1,404.47","$1,404.47",$0.00
B1CBA2201007-0,015,0001,ROADWAY,0225,550-4218,,"FLARED END SECTION 18 IN, STORM DRAIN",1.00000,EA,"SOUTHERN CONCRETE CONSTRUCTION CO., INC.",2SO510,"$1,250.00","$1,250.00",-$154.47
B1CBA2201007-0,015,0001,ROADWAY,0225,550-4218,,"FLARED END SECTION 18 IN, STORM DRAIN",1.00000,EA,"GRIFFIN GRADING & CONCRETE, LLC",2GR650,"$1,500.00","$1,500.00",$95.53
B1CBA2201007-0,015,0001,ROADWAY,0230,576-1015,,"SLOPE DRAIN PIPE, 15 IN",55.00000,LF,"SOUTHEASTERN SITE DEVELOPMENT, INC.",2SO373,$85.26,"$4,689.30",$0.00
B1CBA2201007-0,015,0001,ROADWAY,0230,576-1015,,"SLOPE DRAIN PIPE, 15 IN",55.00000,LF,"SOUTHERN CONCRETE CONSTRUCTION CO., INC.",2SO510,$54.62,"$3,004.10","-$1,685.20"
B1CBA2201007-0,015,0001,ROADWAY,0230,576-1015,,"SLOPE DRAIN PIPE, 15 IN",55.00000,LF,"GRIFFIN GRADING & CONCRETE, LLC",2GR650,$55.00,"$3,025.00","-$1,664.30"
B1CBA2201007-0,015,0001,ROADWAY,0235,603-2181,,"STN DUMPED RIP RAP, TP 3, 18 IN",6.00000,SY,"SOUTHEASTERN SITE DEVELOPMENT, INC.",2SO373,$78.65,$471.90,$0.00
B1CBA2201007-0,015,0001,ROADWAY,0235,603-2181,,"STN DUMPED RIP RAP, TP 3, 18 IN",6.00000,SY,"SOUTHERN CONCRETE CONSTRUCTION CO., INC.",2SO510,$70.00,$420.00,-$51.90
B1CBA2201007-0,015,0001,ROADWAY,0235,603-2181,,"STN DUMPED RIP RAP, TP 3, 18 IN",6.00000,SY,"GRIFFIN GRADING & CONCRETE, LLC",2GR650,$150.00,$900.00,$428.10
B1CBA2201007-0,015,0001,ROADWAY,0240,603-7000,,"PLASTIC FILTER FABRIC",6.00000,SY,"SOUTHEASTERN SITE DEVELOPMENT, INC.",2SO373,$5.62,$33.72,$0.00
B1CBA2201007-0,015,0001,ROADWAY,0240,603-7000,,"PLASTIC FILTER FABRIC",6.00000,SY,"SOUTHERN CONCRETE CONSTRUCTION CO., INC.",2SO510,$5.00,$30.00,-$3.72
B1CBA2201007-0,015,0001,ROADWAY,0240,603-7000,,"PLASTIC FILTER FABRIC",6.00000,SY,"GRIFFIN GRADING & CONCRETE, LLC",2GR650,$5.00,$30.00,-$3.72
B1CBA2201007-0,015,0001,ROADWAY,0245,620-0100,,"TEMPORARY BARRIER, METHOD NO. 1","1,591.00000",LF,"SOUTHEASTERN SITE DEVELOPMENT, INC.",2SO373,$47.75,"$75,970.25",$0.00
B1CBA2201007-0,015,0001,ROADWAY,0245,620-0100,,"TEMPORARY BARRIER, METHOD NO. 1","1,591.00000",LF,"SOUTHERN CONCRETE CONSTRUCTION CO., INC.",2SO510,$36.55,"$58,151.05","-$17,819.20"
B1CBA2201007-0,015,0001,ROADWAY,0245,620-0100,,"TEMPORARY BARRIER, METHOD NO. 1","1,591.00000",LF,"GRIFFIN GRADING & CONCRETE, LLC",2GR650,$42.50,"$67,617.50","-$8,352.75"
B1CBA2201007-0,015,0001,ROADWAY,0250,634-1200,,"RIGHT OF WAY MARKERS",13.00000,EA,"SOUTHEASTERN SITE DEVELOPMENT, INC.",2SO373,$168.54,"$2,191.02",$0.00
B1CBA2201007-0,015,0001,ROADWAY,0250,634-1200,,"RIGHT OF WAY MARKERS",13.00000,EA,"SOUTHERN CONCRETE CONSTRUCTION CO., INC.",2SO510,$150.00,"$1,950.00",-$241.02
B1CBA2201007-0,015,0001,ROADWAY,0250,634-1200,,"RIGHT OF WAY MARKERS",13.00000,EA,"GRIFFIN GRADING & CONCRETE, LLC",2GR650,$150.00,"$1,950.00",-$241.02
B1CBA2201007-0,015,0001,ROADWAY,0255,636-1033,,"HIGHWAY SIGNS, TP 1 MATL, REFL SHEETING, TP 9",7.00000,SF,"SOUTHEASTERN SITE DEVELOPMENT, INC.",2SO373,$33.71,$235.97,$0.00
B1CBA2201007-0,015,0001,ROADWAY,0255,636-1033,,"HIGHWAY SIGNS, TP 1 MATL, REFL SHEETING, TP 9",7.00000,SF,"SOUTHERN CONCRETE CONSTRUCTION CO., INC.",2SO510,$30.00,$210.00,-$25.97
B1CBA2201007-0,015,0001,ROADWAY,0255,636-1033,,"HIGHWAY SIGNS, TP 1 MATL, REFL SHEETING, TP 9",7.00000,SF,"GRIFFIN GRADING & CONCRETE, LLC",2GR650,$30.00,$210.00,-$25.97
B1CBA2201007-0,015,0001,ROADWAY,0260,636-1036,,"HIGHWAY SIGNS, TP 1 MATL, REFL SHEETING, TP 11",36.00000,SF,"SOUTHEASTERN SITE DEVELOPMENT, INC.",2SO373,$35.95,"$1,294.20",$0.00
B1CBA2201007-0,015,0001,ROADWAY,0260,636-1036,,"HIGHWAY SIGNS, TP 1 MATL, REFL SHEETING, TP 11",36.00000,SF,"SOUTHERN CONCRETE CONSTRUCTION CO., INC.",2SO510,$32.00,"$1,152.00",-$142.20
B1CBA2201007-0,015,0001,ROADWAY,0260,636-1036,,"HIGHWAY SIGNS, TP 1 MATL, REFL SHEETING, TP 11",36.00000,SF,"GRIFFIN GRADING & CONCRETE, LLC",2GR650,$32.00,"$1,152.00",-$142.20
B1CBA2201007-0,015,0001,ROADWAY,0265,636-2070,,"GALV STEEL POSTS, TP 7",24.00000,LF,"SOUTHEASTERN SITE DEVELOPMENT, INC.",2SO373,$13.48,$323.52,$0.00
B1CBA2201007-0,015,0001,ROADWAY,0265,636-2070,,"GALV STEEL POSTS, TP 7",24.00000,LF,"SOUTHERN CONCRETE CONSTRUCTION CO., INC.",2SO510,$12.00,$288.00,-$35.52
B1CBA2201007-0,015,0001,ROADWAY,0265,636-2070,,"GALV STEEL POSTS, TP 7",24.00000,LF,"GRIFFIN GRADING & CONCRETE, LLC",2GR650,$12.00,$288.00,-$35.52
B1CBA2201007-0,015,0001,ROADWAY,0270,636-5020,,"DELINEATOR, TP 2",12.00000,EA,"SOUTHEASTERN SITE DEVELOPMENT, INC.",2SO373,$67.41,$808.92,$0.00
B1CBA2201007-0,015,0001,ROADWAY,0270,636-5020,,"DELINEATOR, TP 2",12.00000,EA,"SOUTHERN CONCRETE CONSTRUCTION CO., INC.",2SO510,$60.00,$720.00,-$88.92
B1CBA2201007-0,015,0001,ROADWAY,0270,636-5020,,"DELINEATOR, TP 2",12.00000,EA,"GRIFFIN GRADING & CONCRETE, LLC",2GR650,$60.00,$720.00,-$88.92
B1CBA2201007-0,015,0001,ROADWAY,0275,641-1100,,"GUARDRAIL, TP T",84.00000,LF,"SOUTHEASTERN SITE DEVELOPMENT, INC.",2SO373,$112.36,"$9,438.24",$0.00
B1CBA2201007-0,015,0001,ROADWAY,0275,641-1100,,"GUARDRAIL, TP T",84.00000,LF,"SOUTHERN CONCRETE CONSTRUCTION CO., INC.",2SO510,$100.00,"$8,400.00","-$1,038.24"
B1CBA2201007-0,015,0001,ROADWAY,0275,641-1100,,"GUARDRAIL, TP T",84.00000,LF,"GRIFFIN GRADING & CONCRETE, LLC",2GR650,$100.00,"$8,400.00","-$1,038.24"
B1CBA2201007-0,015,0001,ROADWAY,0280,641-1200,,"GUARDRAIL, TP W","1,323.00000",LF,"SOUTHEASTERN SITE DEVELOPMENT, INC.",2SO373,$34.84,"$46,093.32",$0.00
B1CBA2201007-0,015,0001,ROADWAY,0280,641-1200,,"GUARDRAIL, TP W","1,323.00000",LF,"SOUTHERN CONCRETE CONSTRUCTION CO., INC.",2SO510,$31.00,"$41,013.00","-$5,080.32"
B1CBA2201007-0,015,0001,ROADWAY,0280,641-1200,,"GUARDRAIL, TP W","1,323.00000",LF,"GRIFFIN GRADING & CONCRETE, LLC",2GR650,$31.00,"$41,013.00","-$5,080.32"
B1CBA2201007-0,015,0001,ROADWAY,0285,641-5001,,"GUARDRAIL ANCHORAGE, TP 1",3.00000,EA,"SOUTHEASTERN SITE DEVELOPMENT, INC.",2SO373,"$1,797.72","$5,393.16",$0.00
B1CBA2201007-0,015,0001,ROADWAY,0285,641-5001,,"GUARDRAIL ANCHORAGE, TP 1",3.00000,EA,"SOUTHERN CONCRETE CONSTRUCTION CO., INC.",2SO510,"$1,600.00","$4,800.00",-$593.16
B1CBA2201007-0,015,0001,ROADWAY,0285,641-5001,,"GUARDRAIL ANCHORAGE, TP 1",3.00000,EA,"GRIFFIN GRADING & CONCRETE, LLC",2GR650,"$1,600.00","$4,800.00",-$593.16
B1CBA2201007-0,015,0001,ROADWAY,0290,641-5015,,"GUARDRAIL TERMINAL, TP 12A, 31 IN, TANGENT, ENERGY-ABSORBING",3.00000,EA,"SOUTHEASTERN SITE DEVELOPMENT, INC.",2SO373,"$3,595.44","$10,786.32",$0.00
B1CBA2201007-0,015,0001,ROADWAY,0290,641-5015,,"GUARDRAIL TERMINAL, TP 12A, 31 IN, TANGENT, ENERGY-ABSORBING",3.00000,EA,"SOUTHERN CONCRETE CONSTRUCTION CO., INC.",2SO510,"$3,200.00","$9,600.00","-$1,186.32"
B1CBA2201007-0,015,0001,ROADWAY,0290,641-5015,,"GUARDRAIL TERMINAL, TP 12A, 31 IN, TANGENT, ENERGY-ABSORBING",3.00000,EA,"GRIFFIN GRADING & CONCRETE, LLC",2GR650,"$3,200.00","$9,600.00","-$1,186.32"
B1CBA2201007-0,015,0001,ROADWAY,0295,643-8200,,"BARRIER FENCE (ORANGE), 4 FT","3,100.00000",LF,"SOUTHEASTERN SITE DEVELOPMENT, INC.",2SO373,$2.53,"$7,843.00",$0.00
B1CBA2201007-0,015,0001,ROADWAY,0295,643-8200,,"BARRIER FENCE (ORANGE), 4 FT","3,100.00000",LF,"SOUTHERN CONCRETE CONSTRUCTION CO., INC.",2SO510,$2.25,"$6,975.00",-$868.00
B1CBA2201007-0,015,0001,ROADWAY,0295,643-8200,,"BARRIER FENCE (ORANGE), 4 FT","3,100.00000",LF,"GRIFFIN GRADING & CONCRETE, LLC",2GR650,$2.25,"$6,975.00",-$868.00
B1CBA2201007-0,015,0001,ROADWAY,0300,653-1501,,"THERMOPLASTIC SOLID TRAF STRIPE, 5 IN, WHITE","3,671.00000",LF,"SOUTHEASTERN SITE DEVELOPMENT, INC.",2SO373,$0.96,"$3,524.16",$0.00
B1CBA2201007-0,015,0001,ROADWAY,0300,653-1501,,"THERMOPLASTIC SOLID TRAF STRIPE, 5 IN, WHITE","3,671.00000",LF,"SOUTHERN CONCRETE CONSTRUCTION CO., INC.",2SO510,$0.85,"$3,120.35",-$403.81
B1CBA2201007-0,015,0001,ROADWAY,0300,653-1501,,"THERMOPLASTIC SOLID TRAF STRIPE, 5 IN, WHITE","3,671.00000",LF,"GRIFFIN GRADING & CONCRETE, LLC",2GR650,$1.25,"$4,588.75","$1,064.59"
B1CBA2201007-0,015,0001,ROADWAY,0305,653-1502,,"THERMOPLASTIC SOLID TRAF STRIPE, 5 IN, YELLOW","3,671.00000",LF,"SOUTHEASTERN SITE DEVELOPMENT, INC.",2SO373,$0.96,"$3,524.16",$0.00
B1CBA2201007-0,015,0001,ROADWAY,0305,653-1502,,"THERMOPLASTIC SOLID TRAF STRIPE, 5 IN, YELLOW","3,671.00000",LF,"SOUTHERN CONCRETE CONSTRUCTION CO., INC.",2SO510,$0.85,"$3,120.35",-$403.81
B1CBA2201007-0,015,0001,ROADWAY,0305,653-1502,,"THERMOPLASTIC SOLID TRAF STRIPE, 5 IN, YELLOW","3,671.00000",LF,"GRIFFIN GRADING & CONCRETE, LLC",2GR650,$1.25,"$4,588.75","$1,064.59"
B1CBA2201007-0,015,0001,ROADWAY,0310,654-1001,,"RAISED PVMT MARKERS TP 1",146.00000,EA,"SOUTHEASTERN SITE DEVELOPMENT, INC.",2SO373,$9.55,"$1,394.30",$0.00
B1CBA2201007-0,015,0001,ROADWAY,0310,654-1001,,"RAISED PVMT MARKERS TP 1",146.00000,EA,"SOUTHERN CONCRETE CONSTRUCTION CO., INC.",2SO510,$8.50,"$1,241.00",-$153.30
B1CBA2201007-0,015,0001,ROADWAY,0310,654-1001,,"RAISED PVMT MARKERS TP 1",146.00000,EA,"GRIFFIN GRADING & CONCRETE, LLC",2GR650,$12.00,"$1,752.00",$357.70
B1CBA2201007-0,015,0001,ROADWAY,0315,657-1085,,"PREFORMED PLASTIC SOLID PVMT MKG, 8 IN, CONTRAST (BLACK-WHITE), TP PB",506.00000,LF,"SOUTHEASTERN SITE DEVELOPMENT, INC.",2SO373,$9.55,"$4,832.30",$0.00
B1CBA2201007-0,015,0001,ROADWAY,0315,657-1085,,"PREFORMED PLASTIC SOLID PVMT MKG, 8 IN, CONTRAST (BLACK-WHITE), TP PB",506.00000,LF,"SOUTHERN CONCRETE CONSTRUCTION CO., INC.",2SO510,$8.50,"$4,301.00",-$531.30
B1CBA2201007-0,015,0001,ROADWAY,0315,657-1085,,"PREFORMED PLASTIC SOLID PVMT MKG, 8 IN, CONTRAST (BLACK-WHITE), TP PB",506.00000,LF,"GRIFFIN GRADING & CONCRETE, LLC",2GR650,$8.00,"$4,048.00",-$784.30
B1CBA2201007-0,015,0001,ROADWAY,0320,657-6085,,"PREFORMED PLASTIC SOLID PVMT MKG, 8 IN, CONTRAST (BLACK-YELLOW), TP PB",506.00000,LF,"SOUTHEASTERN SITE DEVELOPMENT, INC.",2SO373,$9.55,"$4,832.30",$0.00
B1CBA2201007-0,015,0001,ROADWAY,0320,657-6085,,"PREFORMED PLASTIC SOLID PVMT MKG, 8 IN, CONTRAST (BLACK-YELLOW), TP PB",506.00000,LF,"SOUTHERN CONCRETE CONSTRUCTION CO., INC.",2SO510,$8.50,"$4,301.00",-$531.30
B1CBA2201007-0,015,0001,ROADWAY,0320,657-6085,,"PREFORMED PLASTIC SOLID PVMT MKG, 8 IN, CONTRAST (BLACK-YELLOW), TP PB",506.00000,LF,"GRIFFIN GRADING & CONCRETE, LLC",2GR650,$8.00,"$4,048.00",-$784.30
B1CBA2201007-0,015,0001,ROADWAY,0325,668-8011,,"SAFETY GRATE, TP 1",14.00000,SF,"SOUTHEASTERN SITE DEVELOPMENT, INC.",2SO373,$140.45,"$1,966.30",$0.00
B1CBA2201007-0,015,0001,ROADWAY,0325,668-8011,,"SAFETY GRATE, TP 1",14.00000,SF,"SOUTHERN CONCRETE CONSTRUCTION CO., INC.",2SO510,$125.00,"$1,750.00",-$216.30
B1CBA2201007-0,015,0001,ROADWAY,0325,668-8011,,"SAFETY GRATE, TP 1",14.00000,SF,"GRIFFIN GRADING & CONCRETE, LLC",2GR650,$100.00,"$1,400.00",-$566.30
B1CBA2201007-0,015,0001,ROADWAY,0330,700-6910,,"PERMANENT GRASSING",3.00000,AC,"SOUTHEASTERN SITE DEVELOPMENT, INC.",2SO373,"$2,808.94","$8,426.82",$0.00
B1CBA2201007-0,015,0001,ROADWAY,0330,700-6910,,"PERMANENT GRASSING",3.00000,AC,"SOUTHERN CONCRETE CONSTRUCTION CO., INC.",2SO510,"$2,500.00","$7,500.00",-$926.82
B1CBA2201007-0,015,0001,ROADWAY,0330,700-6910,,"PERMANENT GRASSING",3.00000,AC,"GRIFFIN GRADING & CONCRETE, LLC",2GR650,"$2,500.00","$7,500.00",-$926.82
B1CBA2201007-0,015,0001,ROADWAY,0335,700-7000,,"AGRICULTURAL LIME",6.00000,TN,"SOUTHEASTERN SITE DEVELOPMENT, INC.",2SO373,$151.69,$910.14,$0.00
B1CBA2201007-0,015,0001,ROADWAY,0335,700-7000,,"AGRICULTURAL LIME",6.00000,TN,"SOUTHERN CONCRETE CONSTRUCTION CO., INC.",2SO510,$135.00,$810.00,-$100.14
B1CBA2201007-0,015,0001,ROADWAY,0335,700-7000,,"AGRICULTURAL LIME",6.00000,TN,"GRIFFIN GRADING & CONCRETE, LLC",2GR650,$135.00,$810.00,-$100.14
B1CBA2201007-0,015,0001,ROADWAY,0340,700-8000,,"FERTILIZER MIXED GRADE",1.00000,TN,"SOUTHEASTERN SITE DEVELOPMENT, INC.",2SO373,$955.04,$955.04,$0.00
B1CBA2201007-0,015,0001,ROADWAY,0340,700-8000,,"FERTILIZER MIXED GRADE",1.00000,TN,"SOUTHERN CONCRETE CONSTRUCTION CO., INC.",2SO510,$850.00,$850.00,-$105.04
B1CBA2201007-0,015,0001,ROADWAY,0340,700-8000,,"FERTILIZER MIXED GRADE",1.00000,TN,"GRIFFIN GRADING & CONCRETE, LLC",2GR650,$850.00,$850.00,-$105.04
B1CBA2201007-0,015,0001,ROADWAY,0345,700-8100,,"FERTILIZER NITROGEN CONTENT",150.00000,LB,"SOUTHEASTERN SITE DEVELOPMENT, INC.",2SO373,$4.49,$673.50,$0.00
B1CBA2201007-0,015,0001,ROADWAY,0345,700-8100,,"FERTILIZER NITROGEN CONTENT",150.00000,LB,"SOUTHERN CONCRETE CONSTRUCTION CO., INC.",2SO510,$4.00,$600.00,-$73.50
B1CBA2201007-0,015,0001,ROADWAY,0345,700-8100,,"FERTILIZER NITROGEN CONTENT",150.00000,LB,"GRIFFIN GRADING & CONCRETE, LLC",2GR650,$4.00,$600.00,-$73.50
B1CBA2201007-0,015,0001,ROADWAY,0350,711-0100,,"TURF REINFORCING MATTING, TP 1",675.00000,SY,"SOUTHEASTERN SITE DEVELOPMENT, INC.",2SO373,$3.94,"$2,659.50",$0.00
B1CBA2201007-0,015,0001,ROADWAY,0350,711-0100,,"TURF REINFORCING MATTING, TP 1",675.00000,SY,"SOUTHERN CONCRETE CONSTRUCTION CO., INC.",2SO510,$3.50,"$2,362.50",-$297.00
B1CBA2201007-0,015,0001,ROADWAY,0350,711-0100,,"TURF REINFORCING MATTING, TP 1",675.00000,SY,"GRIFFIN GRADING & CONCRETE, LLC",2GR650,$3.50,"$2,362.50",-$297.00
B1CBA2201007-0,015,0001,ROADWAY,0355,713-3001,,"WOOD FIBER BLANKET, TP I, SLOPES","2,460.00000",SY,"SOUTHEASTERN SITE DEVELOPMENT, INC.",2SO373,$3.38,"$8,314.80",$0.00
B1CBA2201007-0,015,0001,ROADWAY,0355,713-3001,,"WOOD FIBER BLANKET, TP I, SLOPES","2,460.00000",SY,"SOUTHERN CONCRETE CONSTRUCTION CO., INC.",2SO510,$3.00,"$7,380.00",-$934.80
B1CBA2201007-0,015,0001,ROADWAY,0355,713-3001,,"WOOD FIBER BLANKET, TP I, SLOPES","2,460.00000",SY,"GRIFFIN GRADING & CONCRETE, LLC",2GR650,$3.00,"$7,380.00",-$934.80
B1CBA2201007-0,015,0002,"BRIDGE NO. 1 - OVER BARGE CREEK",0360,500-0100,,"GROOVED CONCRETE",944.00000,SY,"SOUTHEASTERN SITE DEVELOPMENT, INC.",2SO373,$8.74,"$8,250.56",$0.00
B1CBA2201007-0,015,0002,"BRIDGE NO. 1 - OVER BARGE CREEK",0360,500-0100,,"GROOVED CONCRETE",944.00000,SY,"SOUTHERN CONCRETE CONSTRUCTION CO., INC.",2SO510,$12.00,"$11,328.00","$3,077.44"
B1CBA2201007-0,015,0002,"BRIDGE NO. 1 - OVER BARGE CREEK",0360,500-0100,,"GROOVED CONCRETE",944.00000,SY,"GRIFFIN GRADING & CONCRETE, LLC",2GR650,$12.00,"$11,328.00","$3,077.44"
B1CBA2201007-0,015,0002,"BRIDGE NO. 1 - OVER BARGE CREEK",0365,500-1011,,"SUPERSTR CONCRETE, CL D, BR NO - 1",1.00000,LS,"SOUTHEASTERN SITE DEVELOPMENT, INC.",2SO373,"$694,450.67","$694,450.67",$0.00
B1CBA2201007-0,015,0002,"BRIDGE NO. 1 - OVER BARGE CREEK",0365,500-1011,,"SUPERSTR CONCRETE, CL D, BR NO - 1",1.00000,LS,"SOUTHERN CONCRETE CONSTRUCTION CO., INC.",2SO510,"$750,000.00","$750,000.00","$55,549.33"
B1CBA2201007-0,015,0002,"BRIDGE NO. 1 - OVER BARGE CREEK",0365,500-1011,,"SUPERSTR CONCRETE, CL D, BR NO - 1",1.00000,LS,"GRIFFIN GRADING & CONCRETE, LLC",2GR650,"$750,000.00","$750,000.00","$55,549.33"
B1CBA2201007-0,015,0002,"BRIDGE NO. 1 - OVER BARGE CREEK",0370,500-2100,,"CONCRETE BARRIER",488.00000,LF,"SOUTHEASTERN SITE DEVELOPMENT, INC.",2SO373,$104.29,"$50,893.52",$0.00
B1CBA2201007-0,015,0002,"BRIDGE NO. 1 - OVER BARGE CREEK",0370,500-2100,,"CONCRETE BARRIER",488.00000,LF,"SOUTHERN CONCRETE CONSTRUCTION CO., INC.",2SO510,$75.00,"$36,600.00","-$14,293.52"
B1CBA2201007-0,015,0002,"BRIDGE NO. 1 - OVER BARGE CREEK",0370,500-2100,,"CONCRETE BARRIER",488.00000,LF,"GRIFFIN GRADING & CONCRETE, LLC",2GR650,$75.00,"$36,600.00","-$14,293.52"
B1CBA2201007-0,015,0002,"BRIDGE NO. 1 - OVER BARGE CREEK",0375,500-3101,,"CLASS A CONCRETE",67.00000,CY,"SOUTHEASTERN SITE DEVELOPMENT, INC.",2SO373,"$1,808.61","$121,176.87",$0.00
B1CBA2201007-0,015,0002,"BRIDGE NO. 1 - OVER BARGE CREEK",0375,500-3101,,"CLASS A CONCRETE",67.00000,CY,"SOUTHERN CONCRETE CONSTRUCTION CO., INC.",2SO510,"$2,200.00","$147,400.00","$26,223.13"
B1CBA2201007-0,015,0002,"BRIDGE NO. 1 - OVER BARGE CREEK",0375,500-3101,,"CLASS A CONCRETE",67.00000,CY,"GRIFFIN GRADING & CONCRETE, LLC",2GR650,"$2,200.00","$147,400.00","$26,223.13"
B1CBA2201007-0,015,0002,"BRIDGE NO. 1 - OVER BARGE CREEK",0380,507-8900,,"PSC BEAMS, AASHTO TYPE I MOD, BR NO - 1",192.00000,LF,"SOUTHEASTERN SITE DEVELOPMENT, INC.",2SO373,$313.58,"$60,207.36",$0.00
B1CBA2201007-0,015,0002,"BRIDGE NO. 1 - OVER BARGE CREEK",0380,507-8900,,"PSC BEAMS, AASHTO TYPE I MOD, BR NO - 1",192.00000,LF,"SOUTHERN CONCRETE CONSTRUCTION CO., INC.",2SO510,$140.00,"$26,880.00","-$33,327.36"
B1CBA2201007-0,015,0002,"BRIDGE NO. 1 - OVER BARGE CREEK",0380,507-8900,,"PSC BEAMS, AASHTO TYPE I MOD, BR NO - 1",192.00000,LF,"GRIFFIN GRADING & CONCRETE, LLC",2GR650,$140.00,"$26,880.00","-$33,327.36"
B1CBA2201007-0,015,0002,"BRIDGE NO. 1 - OVER BARGE CREEK",0385,507-9003,,"PSC BEAMS, AASHTO TYPE III, BR NO - 1","1,033.00000",LF,"SOUTHEASTERN SITE DEVELOPMENT, INC.",2SO373,$371.03,"$383,273.99",$0.00
B1CBA2201007-0,015,0002,"BRIDGE NO. 1 - OVER BARGE CREEK",0385,507-9003,,"PSC BEAMS, AASHTO TYPE III, BR NO - 1","1,033.00000",LF,"SOUTHERN CONCRETE CONSTRUCTION CO., INC.",2SO510,$350.00,"$361,550.00","-$21,723.99"
B1CBA2201007-0,015,0002,"BRIDGE NO. 1 - OVER BARGE CREEK",0385,507-9003,,"PSC BEAMS, AASHTO TYPE III, BR NO - 1","1,033.00000",LF,"GRIFFIN GRADING & CONCRETE, LLC",2GR650,$350.00,"$361,550.00","-$21,723.99"
B1CBA2201007-0,015,0002,"BRIDGE NO. 1 - OVER BARGE CREEK",0390,511-1000,,"BAR REINF STEEL","7,564.00000",LB,"SOUTHEASTERN SITE DEVELOPMENT, INC.",2SO373,$1.69,"$12,803.58",$0.00
B1CBA2201007-0,015,0002,"BRIDGE NO. 1 - OVER BARGE CREEK",0390,511-1000,,"BAR REINF STEEL","7,564.00000",LB,"SOUTHERN CONCRETE CONSTRUCTION CO., INC.",2SO510,$1.75,"$13,237.00",$433.42
B1CBA2201007-0,015,0002,"BRIDGE NO. 1 - OVER BARGE CREEK",0390,511-1000,,"BAR REINF STEEL","7,564.00000",LB,"GRIFFIN GRADING & CONCRETE, LLC",2GR650,$1.75,"$13,237.00",$433.42
B1CBA2201007-0,015,0002,"BRIDGE NO. 1 - OVER BARGE CREEK",0395,511-3000,,"SUPERSTR REINF STEEL, BR NO - 1",1.00000,LS,"SOUTHEASTERN SITE DEVELOPMENT, INC.",2SO373,"$182,173.80","$182,173.80",$0.00
B1CBA2201007-0,015,0002,"BRIDGE NO. 1 - OVER BARGE CREEK",0395,511-3000,,"SUPERSTR REINF STEEL, BR NO - 1",1.00000,LS,"SOUTHERN CONCRETE CONSTRUCTION CO., INC.",2SO510,"$150,000.00","$150,000.00","-$32,173.80"
B1CBA2201007-0,015,0002,"BRIDGE NO. 1 - OVER BARGE CREEK",0395,511-3000,,"SUPERSTR REINF STEEL, BR NO - 1",1.00000,LS,"GRIFFIN GRADING & CONCRETE, LLC",2GR650,"$150,000.00","$150,000.00","-$32,173.80"
B1CBA2201007-0,015,0002,"BRIDGE NO. 1 - OVER BARGE CREEK",0400,520-2216,,"PILING, PSC, 16 IN SQ","1,205.00000",LF,"SOUTHEASTERN SITE DEVELOPMENT, INC.",2SO373,$152.05,"$183,220.25",$0.00
B1CBA2201007-0,015,0002,"BRIDGE NO. 1 - OVER BARGE CREEK",0400,520-2216,,"PILING, PSC, 16 IN SQ","1,205.00000",LF,"SOUTHERN CONCRETE CONSTRUCTION CO., INC.",2SO510,$105.00,"$126,525.00","-$56,695.25"
B1CBA2201007-0,015,0002,"BRIDGE NO. 1 - OVER BARGE CREEK",0400,520-2216,,"PILING, PSC, 16 IN SQ","1,205.00000",LF,"GRIFFIN GRADING & CONCRETE, LLC",2GR650,$105.00,"$126,525.00","-$56,695.25"
B1CBA2201007-0,015,0002,"BRIDGE NO. 1 - OVER BARGE CREEK",0405,520-3216,,"TEST PILE, PSC, 16 IN SQ",3.00000,EA,"SOUTHEASTERN SITE DEVELOPMENT, INC.",2SO373,"$10,070.45","$30,211.35",$0.00
B1CBA2201007-0,015,0002,"BRIDGE NO. 1 - OVER BARGE CREEK",0405,520-3216,,"TEST PILE, PSC, 16 IN SQ",3.00000,EA,"SOUTHERN CONCRETE CONSTRUCTION CO., INC.",2SO510,"$7,500.00","$22,500.00","-$7,711.35"
B1CBA2201007-0,015,0002,"BRIDGE NO. 1 - OVER BARGE CREEK",0405,520-3216,,"TEST PILE, PSC, 16 IN SQ",3.00000,EA,"GRIFFIN GRADING & CONCRETE, LLC",2GR650,"$7,500.00","$22,500.00","-$7,711.35"
B1CBA2201007-0,015,0002,"BRIDGE NO. 1 - OVER BARGE CREEK",0410,520-4216,,"LOAD TEST, PSC, 16 IN SQ",1.00000,EA,"SOUTHEASTERN SITE DEVELOPMENT, INC.",2SO373,$0.01,$0.01,$0.00
B1CBA2201007-0,015,0002,"BRIDGE NO. 1 - OVER BARGE CREEK",0410,520-4216,,"LOAD TEST, PSC, 16 IN SQ",1.00000,EA,"SOUTHERN CONCRETE CONSTRUCTION CO., INC.",2SO510,$1.00,$1.00,$0.99
B1CBA2201007-0,015,0002,"BRIDGE NO. 1 - OVER BARGE CREEK",0410,520-4216,,"LOAD TEST, PSC, 16 IN SQ",1.00000,EA,"GRIFFIN GRADING & CONCRETE, LLC",2GR650,$1.00,$1.00,$0.99
B1CBA2201007-0,015,0002,"BRIDGE NO. 1 - OVER BARGE CREEK",0415,523-1100,,"DYNAMIC PILE TEST",3.00000,EA,"SOUTHEASTERN SITE DEVELOPMENT, INC.",2SO373,"$7,616.60","$22,849.80",$0.00
B1CBA2201007-0,015,0002,"BRIDGE NO. 1 - OVER BARGE CREEK",0415,523-1100,,"DYNAMIC PILE TEST",3.00000,EA,"SOUTHERN CONCRETE CONSTRUCTION CO., INC.",2SO510,"$15,000.00","$45,000.00","$22,150.20"
B1CBA2201007-0,015,0002,"BRIDGE NO. 1 - OVER BARGE CREEK",0415,523-1100,,"DYNAMIC PILE TEST",3.00000,EA,"GRIFFIN GRADING & CONCRETE, LLC",2GR650,"$15,000.00","$45,000.00","$22,150.20"
B1CBA2201007-0,015,0002,"BRIDGE NO. 1 - OVER BARGE CREEK",0420,540-1101,,"REMOVAL OF EXISTING BR, STA NO - 19+53",1.00000,LS,"SOUTHEASTERN SITE DEVELOPMENT, INC.",2SO373,"$294,884.15","$294,884.15",$0.00
B1CBA2201007-0,015,0002,"BRIDGE NO. 1 - OVER BARGE CREEK",0420,540-1101,,"REMOVAL OF EXISTING BR, STA NO - 19+53",1.00000,LS,"SOUTHERN CONCRETE CONSTRUCTION CO., INC.",2SO510,"$150,000.00","$150,000.00","-$144,884.15"
B1CBA2201007-0,015,0002,"BRIDGE NO. 1 - OVER BARGE CREEK",0420,540-1101,,"REMOVAL OF EXISTING BR, STA NO - 19+53",1.00000,LS,"GRIFFIN GRADING & CONCRETE, LLC",2GR650,"$150,000.00","$150,000.00","-$144,884.15"
B1CBA2201007-0,015,0002,"BRIDGE NO. 1 - OVER BARGE CREEK",0425,603-2024,,"STN DUMPED RIP RAP, TP 1, 24 IN",548.00000,SY,"SOUTHEASTERN SITE DEVELOPMENT, INC.",2SO373,$97.72,"$53,550.56",$0.00
B1CBA2201007-0,015,0002,"BRIDGE NO. 1 - OVER BARGE CREEK",0425,603-2024,,"STN DUMPED RIP RAP, TP 1, 24 IN",548.00000,SY,"SOUTHERN CONCRETE CONSTRUCTION CO., INC.",2SO510,$75.00,"$41,100.00","-$12,450.56"
B1CBA2201007-0,015,0002,"BRIDGE NO. 1 - OVER BARGE CREEK",0425,603-2024,,"STN DUMPED RIP RAP, TP 1, 24 IN",548.00000,SY,"GRIFFIN GRADING & CONCRETE, LLC",2GR650,$75.00,"$41,100.00","-$12,450.56"
B1CBA2201007-0,015,0002,"BRIDGE NO. 1 - OVER BARGE CREEK",0430,603-7000,,"PLASTIC FILTER FABRIC",548.00000,SY,"SOUTHEASTERN SITE DEVELOPMENT, INC.",2SO373,$5.59,"$3,063.32",$0.00
B1CBA2201007-0,015,0002,"BRIDGE NO. 1 - OVER BARGE CREEK",0430,603-7000,,"PLASTIC FILTER FABRIC",548.00000,SY,"SOUTHERN CONCRETE CONSTRUCTION CO., INC.",2SO510,$7.50,"$4,110.00","$1,046.68"
B1CBA2201007-0,015,0002,"BRIDGE NO. 1 - OVER BARGE CREEK",0430,603-7000,,"PLASTIC FILTER FABRIC",548.00000,SY,"GRIFFIN GRADING & CONCRETE, LLC",2GR650,$7.50,"$4,110.00","$1,046.68"
